100
9971849
8291470
5331653
6704676
7762723
615403
9309119
2896297
9999161
9325574
5388168
1862603
4170220
2196613
9999973
5001361
9999972
6987083
6537523
9999999
4572049
1481717
2360890
390548
8603593
1144
3702389
2044523
7
3132736
9999997
3323191
3
4461642
7551991
10
9987391
592432
3191803
1750607
983469
3855409
3929879
9999929
3910981
9999995
9999931
6735763
9999996
4751053
1281246
2610613
3949061
2872729
10000000
1403870
928009
7203246
6697461
9999930
4
140839
9999162
559513
3877633
3023326
1
9999998
3410821
4461643
13
4125389
9010879
11
9999971
8237213
5
9999991
5103067
8248729
9999163
1264969
12
7783893
5462959
4461641
6
4046177
9
8763892
6865010
2
6463741
7742461
2295773
8
8873129
8460583
9682616
5094841
